5.25552e+23 -1.73425e+24  1.65957e+22
7.94042e+23 -8.61079e+23  -2.58414e+24
2.68623e+23 1.52032e+24  -7.47587e+23
-5.19778e+24 -3.81186e+24  1.52012e+24
-1.06569e+24 1.50102e+24  2.76351e+23
2.82979e+24 6.04978e+23  -2.21133e+24
1.04006e+24 1.51769e+24  -8.17606e+23
3.15137e+23 3.37735e+24  3.00807e+24
1.74364e+24 2.42384e+24  -2.06566e+23
1.08257e+24 7.91517e+23  -2.35143e+24
-1.53411e+24 -8.94099e+23  -1.26906e+24
5.32916e+23 2.86117e+24  -4.68229e+23
2.2678e+23 5.22014e+23  -1.64597e+24
-7.56056e+23 -3.38317e+24  -7.71055e+23
-5.04209e+20 7.41445e+23  -1.2604e+24
-4.67538e+21 1.1108e+24  -1.14956e+24
3.27371e+24 1.51684e+24  -5.27583e+24
2.39364e+24 3.4102e+24  1.49716e+24
1.03061e+24 -2.3924e+22  -1.50507e+23
3.00618e+24 2.30546e+24  -8.66787e+23
1.82815e+24 1.78299e+24  -4.62342e+24
1.20928e+23 -8.33631e+23  7.00249e+23
-1.45522e+23 9.59754e+23  -6.46714e+23
-2.90989e+24 -4.32958e+24  2.20322e+23
5.95453e+21 3.03873e+23  -1.61226e+24
-2.96784e+24 -5.24036e+24  2.96045e+24
-5.95346e+24 -6.54604e+24  3.24633e+24
4.2476e+24 6.70246e+24  5.04422e+23
1.38927e+23 -1.54335e+24  5.25158e+23
1.19501e+24 -9.95641e+22  -3.97431e+22
3.63484e+24 8.37413e+23  -1.80485e+24
1.01527e+24 -8.64828e+23  -4.72373e+23
-2.10808e+23 2.82061e+23  -3.62893e+23
1.92094e+24 4.0382e+23  -6.12615e+23
2.5989e+24 4.93667e+22  -4.16982e+24
1.73016e+24 -2.9933e+23  -1.60728e+24
-6.54299e+24 -5.79892e+24  4.82835e+24
-7.68804e+22 2.35486e+24  5.58132e+23
1.77023e+24 3.80507e+24  1.4347e+24
-4.31038e+24 9.41338e+23  5.72763e+24
1.25474e+24 2.55471e+24  1.63605e+24
1.19678e+24 -1.1403e+24  -4.38349e+24
-4.50622e+24 -6.20112e+24  2.07173e+24
-1.80395e+24 1.7573e+24  2.64395e+24
-5.05707e+24 -3.27231e+24  4.28514e+24
-2.45677e+24 -3.43914e+24  4.30154e+24
3.06841e+24 3.54496e+24  -1.99297e+24
2.22111e+23 5.92516e+23  2.1163e+24
2.03789e+24 4.23809e+24  1.61714e+24
-1.54952e+24 -4.99837e+24  -1.59138e+24
-4.335e+23 -1.12774e+24  -1.3721e+24
6.45167e+23 1.13498e+24  1.02136e+24
4.09153e+24 6.74194e+23  4.15797e+24
4.19746e+24 -4.94318e+24  1.0736e+24
5.49989e+24 8.12443e+23  5.78458e+24
-6.26044e+23 1.63128e+24  -1.28044e+24
4.67934e+24 5.71079e+23  7.75738e+24
2.78583e+24 1.27766e+24  7.15793e+24
8.23036e+22 -5.48564e+23  1.50935e+24
-3.49557e+24 3.45931e+24  -4.16183e+24
-3.9633e+24 5.65197e+24  -6.81025e+23
-2.4557e+24 2.08392e+24  -1.262e+24
-3.08373e+24 1.74092e+24  -2.55362e+24
4.82274e+24 -7.78339e+23  1.72101e+24
1.398e+24 -9.45665e+23  3.98219e+23
5.8831e+23 -3.96653e+24  -3.49525e+24
2.82861e+24 -2.89349e+24  -1.42036e+24
-4.82607e+23 -2.18473e+24  -3.30168e+24
-6.15891e+22 -1.11329e+24  -3.27781e+23
8.33838e+23 -2.20982e+24  -1.80812e+24
1.13556e+23 -5.68789e+23  7.82771e+23
-8.20342e+23 2.70254e+24  -1.03388e+24
-1.65072e+24 3.80921e+24  1.74889e+24
3.56358e+22 -3.95784e+23  5.18733e+23
-2.41684e+24 9.00617e+23  -4.40206e+24
-3.66787e+24 8.11795e+23  -2.89311e+24
-7.4372e+24 3.50381e+24  -2.08948e+24
-4.49033e+24 3.66329e+24  9.41578e+23
1.24379e+24 7.60102e+23  4.55886e+24
-2.90147e+24 -4.18086e+23  -4.16318e+24
-4.03789e+22 -1.2393e+24  -2.98575e+23
-2.29273e+24 4.45518e+24  -1.48191e+24
6.11557e+23 -3.85377e+23  3.79618e+24
-4.68779e+22 -2.54068e+24  -1.60801e+24
-1.81118e+24 4.75702e+24  2.42656e+24
-1.86779e+24 -9.02879e+23  -2.83149e+24
1.85801e+24 -3.71099e+24  3.43808e+24
-2.53592e+23 -2.10617e+24  -1.34722e+24
-2.23436e+23 6.96539e+23  1.33086e+24
3.88844e+24 -3.00117e+24  -1.4067e+23
1.92614e+24 6.87093e+23  1.64946e+24
-2.49597e+24 -3.41568e+23  -2.44939e+24
2.7073e+24 -4.37632e+24  3.13201e+24
-7.99782e+23 1.02827e+24  -2.47486e+24
4.09456e+24 -4.38762e+24  2.97456e+24
-3.18148e+24 2.06075e+24  -6.4118e+24
4.62036e+22 -1.30824e+23  9.9595e+22
-8.02437e+21 -8.59997e+21  1.06622e+22
5.80429e+22 -9.35851e+22  -8.71485e+22
-1.10799e+23 4.02316e+23  7.65955e+22
1.0511e+24 -3.46849e+24  3.31913e+22
1.58808e+24 -1.72216e+24  -5.16827e+24
5.37246e+23 3.04063e+24  -1.49517e+24
-1.03956e+25 -7.62373e+24  3.04024e+24
-2.13138e+24 3.00205e+24  5.52702e+23
5.65959e+24 1.20996e+24  -4.42265e+24
2.08012e+24 3.03538e+24  -1.63521e+24
6.30273e+23 6.7547e+24  6.01614e+24
3.48727e+24 4.84767e+24  -4.13132e+23
2.16514e+24 1.58303e+24  -4.70287e+24
-3.06821e+24 -1.7882e+24  -2.53812e+24
1.06583e+24 5.72234e+24  -9.36457e+23
4.5356e+23 1.04403e+24  -3.29194e+24
-1.51211e+24 -6.76634e+24  -1.54211e+24
-1.00842e+21 1.48289e+24  -2.5208e+24
-9.35076e+21 2.22159e+24  -2.29913e+24
6.54743e+24 3.03367e+24  -1.05517e+25
4.78729e+24 6.8204e+24  2.99432e+24
2.06121e+24 -4.78479e+22  -3.01014e+23
6.01237e+24 4.61091e+24  -1.73357e+24
3.65631e+24 3.56597e+24  -9.24684e+24
2.41856e+23 -1.66726e+24  1.4005e+24
-2.91043e+23 1.91951e+24  -1.29343e+24
-5.81978e+24 -8.65916e+24  4.40644e+23
1.19091e+22 6.07747e+23  -3.22452e+24
-5.93569e+24 -1.04807e+25  5.9209e+24
-1.19069e+25 -1.30921e+25  6.49267e+24
8.4952e+24 1.34049e+25  1.00884e+24
2.77854e+23 -3.08671e+24  1.05032e+24
2.39001e+24 -1.99128e+23  -7.94863e+22
7.26969e+24 1.67483e+24  -3.60971e+24
2.03055e+24 -1.72966e+24  -9.44745e+23
-4.21617e+23 5.64123e+23  -7.25787e+23
3.84188e+24 8.0764e+23  -1.22523e+24
5.19781e+24 9.87334e+22  -8.33963e+24
3.46032e+24 -5.9866e+23  -3.21457e+24
-1.3086e+25 -1.15978e+25  9.65669e+24
-1.53761e+23 4.70972e+24  1.11626e+24
3.54046e+24 7.61013e+24  2.86939e+24
-8.62075e+24 1.88268e+24  1.14553e+25
2.50947e+24 5.10941e+24  3.27209e+24
2.39355e+24 -2.2806e+24  -8.76698e+24
-9.01245e+24 -1.24022e+25  4.14346e+24
-3.6079e+24 3.51461e+24  5.28791e+24
-1.01141e+25 -6.54463e+24  8.57027e+24
-4.91353e+24 -6.87827e+24  8.60309e+24
6.13683e+24 7.08992e+24  -3.98594e+24
4.44222e+23 1.18503e+24  4.23259e+24
4.07577e+24 8.47617e+24  3.23428e+24
-3.09903e+24 -9.99673e+24  -3.18276e+24
-8.67e+23 -2.25548e+24  -2.74421e+24
1.29033e+24 2.26996e+24  2.04273e+24
8.18306e+24 1.34839e+24  8.31594e+24
8.39493e+24 -9.88637e+24  2.1472e+24
1.09998e+25 1.62489e+24  1.15692e+25
-1.25209e+24 3.26256e+24  -2.56089e+24
9.35867e+24 1.14216e+24  1.55148e+25
5.57166e+24 2.55532e+24  1.43159e+25
1.64607e+23 -1.09713e+24  3.0187e+24
-6.99114e+24 6.91862e+24  -8.32366e+24
-7.92659e+24 1.13039e+25  -1.36205e+24
-4.9114e+24 4.16784e+24  -2.524e+24
-6.16746e+24 3.48184e+24  -5.10724e+24
9.64549e+24 -1.55668e+24  3.44202e+24
2.79599e+24 -1.89133e+24  7.96439e+23
1.17662e+24 -7.93305e+24  -6.9905e+24
5.65722e+24 -5.78698e+24  -2.84071e+24
-9.65215e+23 -4.36945e+24  -6.60336e+24
-1.23178e+23 -2.22659e+24  -6.55562e+23
1.66768e+24 -4.41963e+24  -3.61623e+24
2.27113e+23 -1.13758e+24  1.56554e+24
-1.64068e+24 5.40507e+24  -2.06777e+24
-3.30144e+24 7.61842e+24  3.49778e+24
7.12717e+22 -7.91568e+23  1.03747e+24
-4.83368e+24 1.80123e+24  -8.80411e+24
-7.33574e+24 1.62359e+24  -5.78621e+24
-1.48744e+25 7.00762e+24  -4.17896e+24
-8.98066e+24 7.32659e+24  1.88316e+24
2.48758e+24 1.5202e+24  9.11771e+24
-5.80294e+24 -8.36171e+23  -8.32636e+24
-8.07578e+22 -2.47859e+24  -5.97151e+23
-4.58545e+24 8.91036e+24  -2.96383e+24
1.22311e+24 -7.70753e+23  7.59237e+24
-9.37558e+22 -5.08136e+24  -3.21601e+24
-3.62236e+24 9.51404e+24  4.85312e+24
-3.73557e+24 -1.80576e+24  -5.66297e+24
3.71602e+24 -7.42199e+24  6.87616e+24
-5.07185e+23 -4.21234e+24  -2.69444e+24
-4.46872e+23 1.39308e+24  2.66172e+24
7.77688e+24 -6.00234e+24  -2.81341e+23
3.85227e+24 1.37419e+24  3.29892e+24
-4.99194e+24 -6.83135e+23  -4.89878e+24
5.41461e+24 -8.75264e+24  6.26401e+24
-1.59956e+24 2.05653e+24  -4.94972e+24
8.18913e+24 -8.77523e+24  5.94912e+24
-6.36297e+24 4.12149e+24  -1.28236e+25
9.24072e+22 -2.61648e+23  1.9919e+23
-1.60487e+22 -1.71999e+22  2.13243e+22
1.16086e+23 -1.8717e+23  -1.74297e+23
-2.21597e+23 8.04633e+23  1.53191e+23
1.57666e+24 -5.20274e+24  4.9787e+22
2.38213e+24 -2.58324e+24  -7.75241e+24
8.05869e+23 4.56095e+24  -2.24276e+24
-1.55933e+25 -1.14356e+25  4.56036e+24
-3.19706e+24 4.50307e+24  8.29053e+23
8.48938e+24 1.81494e+24  -6.63398e+24
3.12018e+24 4.55307e+24  -2.45282e+24
9.4541e+23 1.01321e+25  9.02421e+24
5.23091e+24 7.27151e+24  -6.19698e+23
3.24771e+24 2.37455e+24  -7.0543e+24
-4.60232e+24 -2.6823e+24  -3.80718e+24
1.59875e+24 8.58351e+24  -1.40469e+24
6.8034e+23 1.56604e+24  -4.93791e+24
-2.26817e+24 -1.01495e+25  -2.31317e+24
-1.51263e+21 2.22434e+24  -3.7812e+24
-1.40261e+22 3.33239e+24  -3.44869e+24
9.82114e+24 4.55051e+24  -1.58275e+25
7.18093e+24 1.02306e+25  4.49147e+24
3.09182e+24 -7.17719e+22  -4.51522e+23
9.01855e+24 6.91637e+24  -2.60036e+24
5.48446e+24 5.34896e+24  -1.38703e+25
3.62783e+23 -2.50089e+24  2.10075e+24
-4.36565e+23 2.87926e+24  -1.94014e+24
-8.72967e+24 -1.29887e+25  6.60966e+23
1.78636e+22 9.1162e+23  -4.83678e+24
-8.90353e+24 -1.57211e+25  8.88135e+24
-1.78604e+25 -1.96381e+25  9.739e+24
1.27428e+25 2.01074e+25  1.51327e+24
4.1678e+23 -4.63006e+24  1.57547e+24
3.58502e+24 -2.98692e+23  -1.19229e+23
1.09045e+25 2.51224e+24  -5.41456e+24
3.04582e+24 -2.59448e+24  -1.41712e+24
-6.32426e+23 8.46184e+23  -1.08868e+24
5.76283e+24 1.21146e+24  -1.83784e+24
7.79671e+24 1.481e+23  -1.25094e+25
5.19049e+24 -8.97991e+23  -4.82185e+24
-1.9629e+25 -1.73967e+25  1.4485e+25
-2.30641e+23 7.06458e+24  1.6744e+24
5.31069e+24 1.14152e+25  4.30409e+24
-1.29311e+25 2.82401e+24  1.71829e+25
3.76421e+24 7.66412e+24  4.90814e+24
3.59033e+24 -3.4209e+24  -1.31505e+25
-1.35187e+25 -1.86033e+25  6.21519e+24
-5.41185e+24 5.27191e+24  7.93186e+24
-1.51712e+25 -9.81694e+24  1.28554e+25
-7.3703e+24 -1.03174e+25  1.29046e+25
9.20525e+24 1.06349e+25  -5.97891e+24
6.66333e+23 1.77755e+24  6.34889e+24
6.11366e+24 1.27143e+25  4.85142e+24
-4.64855e+24 -1.49951e+25  -4.77414e+24
-1.3005e+24 -3.38323e+24  -4.11631e+24
1.9355e+24 3.40493e+24  3.06409e+24
1.22746e+25 2.02258e+24  1.24739e+25
1.25924e+25 -1.48296e+25  3.22079e+24
1.64997e+25 2.43733e+24  1.73538e+25
-1.87813e+24 4.89385e+24  -3.84133e+24
1.4038e+25 1.71324e+24  2.32721e+25
8.35748e+24 3.83298e+24  2.14738e+25
2.46911e+23 -1.64569e+24  4.52805e+24
-1.04867e+25 1.03779e+25  -1.24855e+25
-1.18899e+25 1.69559e+25  -2.04308e+24
-7.3671e+24 6.25175e+24  -3.786e+24
-9.25119e+24 5.22276e+24  -7.66087e+24
1.44682e+25 -2.33502e+24  5.16304e+24
4.19399e+24 -2.837e+24  1.19466e+24
1.76493e+24 -1.18996e+25  -1.04857e+25
8.48583e+24 -8.68046e+24  -4.26107e+24
-1.44782e+24 -6.55417e+24  -9.90504e+24
-1.84767e+23 -3.33988e+24  -9.83343e+23
2.50151e+24 -6.62945e+24  -5.42435e+24
3.40669e+23 -1.70637e+24  2.34831e+24
-2.46103e+24 8.10761e+24  -3.10165e+24
-4.95216e+24 1.14276e+25  5.24667e+24
1.06908e+23 -1.18735e+24  1.5562e+24
-7.25052e+24 2.70185e+24  -1.32062e+25
-1.10036e+25 2.43538e+24  -8.67932e+24
-2.23116e+25 1.05114e+25  -6.26844e+24
-1.3471e+25 1.09899e+25  2.82473e+24
3.73137e+24 2.28031e+24  1.36766e+25
-8.70441e+24 -1.25426e+24  -1.24895e+25
-1.21137e+23 -3.71789e+24  -8.95726e+23
-6.87818e+24 1.33655e+25  -4.44574e+24
1.83467e+24 -1.15613e+24  1.13886e+25
-1.40634e+23 -7.62203e+24  -4.82402e+24
-5.43354e+24 1.42711e+25  7.27968e+24
-5.60336e+24 -2.70864e+24  -8.49446e+24
5.57403e+24 -1.1133e+25  1.03142e+25
-7.60777e+23 -6.31851e+24  -4.04167e+24
-6.70308e+23 2.08962e+24  3.99259e+24
1.16653e+25 -9.00351e+24  -4.22011e+23
5.77841e+24 2.06128e+24  4.94838e+24
-7.48791e+24 -1.0247e+24  -7.34817e+24
8.12191e+24 -1.3129e+25  9.39602e+24
-2.39935e+24 3.0848e+24  -7.42458e+24
1.22837e+25 -1.31629e+25  8.92368e+24
-9.54445e+24 6.18224e+24  -1.92354e+25
1.38611e+23 -3.92472e+23  2.98785e+23
-2.40731e+22 -2.57999e+22  3.19865e+22
1.74129e+23 -2.80755e+23  -2.61446e+23
-3.32396e+23 1.20695e+24  2.29786e+23
2.10221e+24 -6.93698e+24  6.63827e+22
3.17617e+24 -3.44432e+24  -1.03365e+25
1.07449e+24 6.08126e+24  -2.99035e+24
-2.07911e+25 -1.52475e+25  6.08048e+24
-4.26275e+24 6.0041e+24  1.1054e+24
1.13192e+25 2.41991e+24  -8.8453e+24
4.16025e+24 6.07076e+24  -3.27042e+24
1.26055e+24 1.35094e+25  1.20323e+25
6.97455e+24 9.69534e+24  -8.26264e+23
4.33028e+24 3.16607e+24  -9.40573e+24
-6.13643e+24 -3.5764e+24  -5.07624e+24
2.13166e+24 1.14447e+25  -1.87291e+24
9.0712e+23 2.08805e+24  -6.58388e+24
-3.02422e+24 -1.35327e+25  -3.08422e+24
-2.01683e+21 2.96578e+24  -5.04161e+24
-1.87015e+22 4.44318e+24  -4.59826e+24
1.30949e+25 6.06735e+24  -2.11033e+25
9.57458e+24 1.36408e+25  5.98863e+24
4.12242e+24 -9.56958e+22  -6.02029e+23
1.20247e+25 9.22183e+24  -3.46715e+24
7.31261e+24 7.13194e+24  -1.84937e+25
4.83711e+23 -3.33452e+24  2.801e+24
-5.82087e+23 3.83902e+24  -2.58686e+24
-1.16396e+25 -1.73183e+25  8.81288e+23
2.38181e+22 1.21549e+24  -6.44904e+24
-1.18714e+25 -2.09614e+25  1.18418e+25
-2.38138e+25 -2.61842e+25  1.29853e+25
1.69904e+25 2.68099e+25  2.01769e+24
5.55707e+23 -6.17341e+24  2.10063e+24
4.78002e+24 -3.98256e+23  -1.58973e+23
1.45394e+25 3.34965e+24  -7.21941e+24
4.06109e+24 -3.45931e+24  -1.88949e+24
-8.43234e+23 1.12825e+24  -1.45157e+24
7.68377e+24 1.61528e+24  -2.45046e+24
1.03956e+25 1.97467e+23  -1.66793e+25
6.92065e+24 -1.19732e+24  -6.42914e+24
-2.6172e+25 -2.31957e+25  1.93134e+25
-3.07522e+23 9.41944e+24  2.23253e+24
7.08092e+24 1.52203e+25  5.73879e+24
-1.72415e+25 3.76535e+24  2.29105e+25
5.01894e+24 1.02188e+25  6.54419e+24
4.78711e+24 -4.5612e+24  -1.7534e+25
-1.80249e+25 -2.48045e+25  8.28692e+24
-7.21581e+24 7.02922e+24  1.05758e+25
-2.02283e+25 -1.30893e+25  1.71405e+25
-9.82707e+24 -1.37565e+25  1.72062e+25
1.22737e+25 1.41798e+25  -7.97189e+24
8.88444e+23 2.37007e+24  8.46519e+24
8.15154e+24 1.69523e+25  6.46856e+24
-6.19807e+24 -1.99935e+25  -6.36551e+24
-1.734e+24 -4.51097e+24  -5.48841e+24
2.58067e+24 4.53991e+24  4.08545e+24
1.63661e+25 2.69677e+24  1.66319e+25
1.67899e+25 -1.97727e+25  4.29439e+24
2.19996e+25 3.24977e+24  2.31383e+25
-2.50418e+24 6.52513e+24  -5.12178e+24
1.87173e+25 2.28431e+24  3.10295e+25
1.11433e+25 5.11064e+24  2.86317e+25
3.29214e+23 -2.19425e+24  6.03739e+24
-1.39823e+25 1.38372e+25  -1.66473e+25
-1.58532e+25 2.26079e+25  -2.7241e+24
-9.8228e+24 8.33567e+24  -5.048e+24
-1.23349e+25 6.96368e+24  -1.02145e+25
1.9291e+25 -3.11336e+24  6.88405e+24
5.59199e+24 -3.78266e+24  1.59288e+24
2.35324e+24 -1.58661e+25  -1.3981e+25
1.13144e+25 -1.1574e+25  -5.68143e+24
-1.93043e+24 -8.7389e+24  -1.32067e+25
-2.46357e+23 -4.45318e+24  -1.31112e+24
3.33535e+24 -8.83927e+24  -7.23246e+24
4.54226e+23 -2.27516e+24  3.13108e+24
-3.28137e+24 1.08101e+25  -4.13553e+24
-6.60288e+24 1.52368e+25  6.99556e+24
1.42543e+23 -1.58314e+24  2.07493e+24
-9.66735e+24 3.60247e+24  -1.76082e+25
-1.46715e+25 3.24718e+24  -1.15724e+25
-2.97488e+25 1.40152e+25  -8.35792e+24
-1.79613e+25 1.46532e+25  3.76631e+24
4.97515e+24 3.04041e+24  1.82354e+25
-1.16059e+25 -1.67234e+24  -1.66527e+25
-1.61516e+23 -4.95718e+24  -1.1943e+24
-9.17091e+24 1.78207e+25  -5.92766e+24
2.44623e+24 -1.54151e+24  1.51847e+25
-1.87512e+23 -1.01627e+25  -6.43203e+24
-7.24472e+24 1.90281e+25  9.70624e+24
-7.47115e+24 -3.61152e+24  -1.13259e+25
7.43203e+24 -1.4844e+25  1.37523e+25
-1.01437e+24 -8.42468e+24  -5.38889e+24
-8.93744e+23 2.78615e+24  5.32345e+24
1.55538e+25 -1.20047e+25  -5.62681e+23
7.70454e+24 2.74837e+24  6.59784e+24
-9.98389e+24 -1.36627e+24  -9.79756e+24
1.08292e+25 -1.75053e+25  1.2528e+25
-3.19913e+24 4.11306e+24  -9.89944e+24
1.63783e+25 -1.75505e+25  1.18982e+25
-1.27259e+25 8.24298e+24  -2.56472e+25
1.84814e+23 -5.23296e+23  3.9838e+23
-3.20975e+22 -3.43999e+22  4.26486e+22
2.32172e+23 -3.74341e+23  -3.48594e+23
-4.43194e+23 1.60927e+24  3.06382e+23
2.62776e+24 -8.67123e+24  8.29784e+22
3.97021e+24 -4.3054e+24  -1.29207e+25
1.34311e+24 7.60158e+24  -3.73793e+24
-2.59889e+25 -1.90593e+25  7.6006e+24
-5.32844e+24 7.50512e+24  1.38176e+24
1.4149e+25 3.02489e+24  -1.10566e+25
5.20031e+24 7.58845e+24  -4.08803e+24
1.57568e+24 1.68868e+25  1.50403e+25
8.71818e+24 1.21192e+25  -1.03283e+24
5.41285e+24 3.95759e+24  -1.17572e+25
-7.67054e+24 -4.4705e+24  -6.34529e+24
2.66458e+24 1.43058e+25  -2.34114e+24
1.1339e+24 2.61007e+24  -8.22985e+24
-3.78028e+24 -1.69158e+25  -3.85528e+24
-2.52104e+21 3.70723e+24  -6.30201e+24
-2.33769e+22 5.55398e+24  -5.74782e+24
1.63686e+25 7.58418e+24  -2.63792e+25
1.19682e+25 1.7051e+25  7.48579e+24
5.15303e+24 -1.1962e+23  -7.52536e+23
1.50309e+25 1.15273e+25  -4.33394e+24
9.14077e+24 8.91493e+24  -2.31171e+25
6.04639e+23 -4.16816e+24  3.50125e+24
-7.27609e+23 4.79877e+24  -3.23357e+24
-1.45495e+25 -2.16479e+25  1.10161e+24
2.97726e+22 1.51937e+24  -8.0613e+24
-1.48392e+25 -2.62018e+25  1.48023e+25
-2.97673e+25 -3.27302e+25  1.62317e+25
2.1238e+25 3.35123e+25  2.52211e+24
6.94634e+23 -7.71677e+24  2.62579e+24
5.97503e+24 -4.9782e+23  -1.98716e+23
1.81742e+25 4.18707e+24  -9.02427e+24
5.07637e+24 -4.32414e+24  -2.36186e+24
-1.05404e+24 1.41031e+24  -1.81447e+24
9.60471e+24 2.0191e+24  -3.06307e+24
1.29945e+25 2.46834e+23  -2.08491e+25
8.65081e+24 -1.49665e+24  -8.03642e+24
-3.2715e+25 -2.89946e+25  2.41417e+25
-3.84402e+23 1.17743e+25  2.79066e+24
8.85115e+24 1.90253e+25  7.17348e+24
-2.15519e+25 4.70669e+24  2.86381e+25
6.27368e+24 1.27735e+25  8.18024e+24
5.98388e+24 -5.7015e+24  -2.19175e+25
-2.25311e+25 -3.10056e+25  1.03586e+25
-9.01976e+24 8.78652e+24  1.32198e+25
-2.52853e+25 -1.63616e+25  2.14257e+25
-1.22838e+25 -1.71957e+25  2.15077e+25
1.53421e+25 1.77248e+25  -9.96486e+24
1.11055e+24 2.96258e+24  1.05815e+25
1.01894e+25 2.11904e+25  8.0857e+24
-7.74758e+24 -2.49918e+25  -7.95689e+24
-2.1675e+24 -5.63871e+24  -6.86052e+24
3.22583e+24 5.67489e+24  5.10682e+24
2.04576e+25 3.37097e+24  2.07899e+25
2.09873e+25 -2.47159e+25  5.36799e+24
2.74994e+25 4.06221e+24  2.89229e+25
-3.13022e+24 8.15641e+24  -6.40222e+24
2.33967e+25 2.85539e+24  3.87869e+25
1.39291e+25 6.3883e+24  3.57897e+25
4.11518e+23 -2.74282e+24  7.54674e+24
-1.74778e+25 1.72965e+25  -2.08091e+25
-1.98165e+25 2.82599e+25  -3.40513e+24
-1.22785e+25 1.04196e+25  -6.31e+24
-1.54186e+25 8.7046e+24  -1.27681e+25
2.41137e+25 -3.8917e+24  8.60506e+24
6.98998e+24 -4.72833e+24  1.9911e+24
2.94155e+24 -1.98326e+25  -1.74762e+25
1.4143e+25 -1.44674e+25  -7.10179e+24
-2.41304e+24 -1.09236e+25  -1.65084e+25
-3.07946e+23 -5.56647e+24  -1.6389e+24
4.16919e+24 -1.10491e+25  -9.04058e+24
5.67782e+23 -2.84395e+24  3.91386e+24
-4.10171e+24 1.35127e+25  -5.16942e+24
-8.2536e+24 1.9046e+25  8.74445e+24
1.78179e+23 -1.97892e+24  2.59366e+24
-1.20842e+25 4.50308e+24  -2.20103e+25
-1.83393e+25 4.05897e+24  -1.44655e+25
-3.7186e+25 1.75191e+25  -1.04474e+25
-2.24516e+25 1.83165e+25  4.70789e+24
6.21894e+24 3.80051e+24  2.27943e+25
-1.45074e+25 -2.09043e+24  -2.08159e+25
-2.01894e+23 -6.19648e+24  -1.49288e+24
-1.14636e+25 2.22759e+25  -7.40957e+24
3.05778e+24 -1.92688e+24  1.89809e+25
-2.34389e+23 -1.27034e+25  -8.04003e+24
-9.05591e+24 2.37851e+25  1.21328e+25
-9.33893e+24 -4.5144e+24  -1.41574e+25
9.29004e+24 -1.8555e+25  1.71904e+25
-1.26796e+24 -1.05308e+25  -6.73611e+24
-1.11718e+24 3.48269e+24  6.65431e+24
1.94422e+25 -1.50058e+25  -7.03352e+23
9.63068e+24 3.43547e+24  8.24731e+24
-1.24799e+25 -1.70784e+24  -1.2247e+25
1.35365e+25 -2.18816e+25  1.566e+25
-3.99891e+24 5.14133e+24  -1.23743e+25
2.04728e+25 -2.19381e+25  1.48728e+25
-1.59074e+25 1.03037e+25  -3.2059e+25
2.31018e+23 -6.54121e+23  4.97975e+23
-4.01218e+22 -4.29998e+22  5.33108e+22
2.90214e+23 -4.67926e+23  -4.35743e+23
-5.53993e+23 2.01158e+24  3.82978e+23
3.15331e+24 -1.04055e+25  9.9574e+22
4.76425e+24 -5.16647e+24  -1.55048e+25
1.61174e+24 9.12189e+24  -4.48552e+24
-3.11867e+25 -2.28712e+25  9.12072e+24
-6.39413e+24 9.00614e+24  1.65811e+24
1.69788e+25 3.62987e+24  -1.3268e+25
6.24037e+24 9.10614e+24  -4.90564e+24
1.89082e+24 2.02641e+25  1.80484e+25
1.04618e+25 1.4543e+25  -1.2394e+24
6.49542e+24 4.7491e+24  -1.41086e+25
-9.20464e+24 -5.36459e+24  -7.61435e+24
3.1975e+24 1.7167e+25  -2.80937e+24
1.36068e+24 3.13208e+24  -9.87582e+24
-4.53634e+24 -2.0299e+25  -4.62633e+24
-3.02525e+21 4.44867e+24  -7.56241e+24
-2.80523e+22 6.66478e+24  -6.89739e+24
1.96423e+25 9.10102e+24  -3.1655e+25
1.43619e+25 2.04612e+25  8.98295e+24
6.18364e+24 -1.43544e+23  -9.03043e+23
1.80371e+25 1.38327e+25  -5.20072e+24
1.09689e+25 1.06979e+25  -2.77405e+25
7.25567e+23 -5.00179e+24  4.2015e+24
-8.7313e+23 5.75852e+24  -3.88028e+24
-1.74593e+25 -2.59775e+25  1.32193e+24
3.57272e+22 1.82324e+24  -9.67356e+24
-1.78071e+25 -3.14421e+25  1.77627e+25
-3.57208e+25 -3.92762e+25  1.9478e+25
2.54856e+25 4.02148e+25  3.02653e+24
8.33561e+23 -9.26012e+24  3.15095e+24
7.17003e+24 -5.97384e+23  -2.38459e+23
2.18091e+25 5.02448e+24  -1.08291e+25
6.09164e+24 -5.18897e+24  -2.83424e+24
-1.26485e+24 1.69237e+24  -2.17736e+24
1.15257e+25 2.42292e+24  -3.67569e+24
1.55934e+25 2.962e+23  -2.50189e+25
1.0381e+25 -1.79598e+24  -9.64371e+24
-3.92579e+25 -3.47935e+25  2.89701e+25
-4.61283e+23 1.41292e+25  3.34879e+24
1.06214e+25 2.28304e+25  8.60818e+24
-2.58623e+25 5.64803e+24  3.43658e+25
7.52842e+24 1.53282e+25  9.81628e+24
7.18066e+24 -6.8418e+24  -2.6301e+25
-2.70373e+25 -3.72067e+25  1.24304e+25
-1.08237e+25 1.05438e+25  1.58637e+25
-3.03424e+25 -1.96339e+25  2.57108e+25
-1.47406e+25 -2.06348e+25  2.58093e+25
1.84105e+25 2.12698e+25  -1.19578e+25
1.33267e+24 3.5551e+24  1.26978e+25
1.22273e+25 2.54285e+25  9.70285e+24
-9.2971e+24 -2.99902e+25  -9.54827e+24
-2.601e+24 -6.76645e+24  -8.23262e+24
3.871e+24 6.80987e+24  6.12818e+24
2.45492e+25 4.04516e+24  2.49478e+25
2.51848e+25 -2.96591e+25  6.44159e+24
3.29993e+25 4.87466e+24  3.47075e+25
-3.75626e+24 9.78769e+24  -7.68267e+24
2.8076e+25 3.42647e+24  4.65443e+25
1.6715e+25 7.66596e+24  4.29476e+25
4.93821e+23 -3.29138e+24  9.05609e+24
-2.09734e+25 2.07559e+25  -2.4971e+25
-2.37798e+25 3.39118e+25  -4.08615e+24
-1.47342e+25 1.25035e+25  -7.572e+24
-1.85024e+25 1.04455e+25  -1.53217e+25
2.89365e+25 -4.67004e+24  1.03261e+25
8.38798e+24 -5.67399e+24  2.38932e+24
3.52986e+24 -2.37992e+25  -2.09715e+25
1.69717e+25 -1.73609e+25  -8.52214e+24
-2.89564e+24 -1.31083e+25  -1.98101e+25
-3.69535e+23 -6.67977e+24  -1.96669e+24
5.00303e+24 -1.32589e+25  -1.08487e+25
6.81338e+23 -3.41273e+24  4.69663e+24
-4.92205e+24 1.62152e+25  -6.2033e+24
-9.90432e+24 2.28553e+25  1.04933e+25
2.13815e+23 -2.3747e+24  3.1124e+24
-1.4501e+25 5.4037e+24  -2.64123e+25
-2.20072e+25 4.87077e+24  -1.73586e+25
-4.46232e+25 2.10229e+25  -1.25369e+25
-2.6942e+25 2.19798e+25  5.64947e+24
7.46273e+24 4.56061e+24  2.73531e+25
-1.74088e+25 -2.50851e+24  -2.49791e+25
-2.42273e+23 -7.43577e+24  -1.79145e+24
-1.37564e+25 2.67311e+25  -8.89148e+24
3.66934e+24 -2.31226e+24  2.27771e+25
-2.81267e+23 -1.52441e+25  -9.64804e+24
-1.08671e+25 2.85421e+25  1.45594e+25
-1.12067e+25 -5.41727e+24  -1.69889e+25
1.11481e+25 -2.2266e+25  2.06285e+25
-1.52155e+24 -1.2637e+25  -8.08333e+24
-1.34062e+24 4.17923e+24  7.98517e+24
2.33306e+25 -1.8007e+25  -8.44022e+23
1.15568e+25 4.12256e+24  9.89677e+24
-1.49758e+25 -2.04941e+24  -1.46963e+25
1.62438e+25 -2.62579e+25  1.8792e+25
-4.79869e+24 6.1696e+24  -1.48492e+25
2.45674e+25 -2.63257e+25  1.78474e+25
-1.90889e+25 1.23645e+25  -3.84708e+25
2.77221e+23 -7.84945e+23  5.9757e+23
-4.81462e+22 -5.15998e+22  6.39729e+22
3.48257e+23 -5.61511e+23  -5.22891e+23
-6.64791e+23 2.4139e+24  4.59573e+23
3.67886e+24 -1.21397e+25  1.1617e+23
5.5583e+24 -6.02755e+24  -1.8089e+25
1.88036e+24 1.06422e+25  -5.23311e+24
-3.63845e+25 -2.6683e+25  1.06408e+25
-7.45982e+24 1.05072e+25  1.93446e+24
1.98086e+25 4.23485e+24  -1.54793e+25
7.28043e+24 1.06238e+25  -5.72324e+24
2.20596e+24 2.36415e+25  2.10565e+25
1.22055e+25 1.69668e+25  -1.44596e+24
7.57799e+24 5.54062e+24  -1.646e+25
-1.07388e+25 -6.25869e+24  -8.88341e+24
3.73041e+24 2.00282e+25  -3.2776e+24
1.58746e+24 3.6541e+24  -1.15218e+25
-5.29239e+24 -2.36822e+25  -5.39739e+24
-3.52946e+21 5.19012e+24  -8.82281e+24
-3.27277e+22 7.77557e+24  -8.04695e+24
2.2916e+25 1.06179e+25  -3.69308e+25
1.67555e+25 2.38714e+25  1.04801e+25
7.21424e+24 -1.67468e+23  -1.05355e+24
2.10433e+25 1.61382e+25  -6.06751e+24
1.27971e+25 1.24809e+25  -3.23639e+25
8.46494e+23 -5.83542e+24  4.90175e+24
-1.01865e+24 6.71828e+24  -4.527e+24
-2.03692e+25 -3.03071e+25  1.54225e+24
4.16817e+22 2.12711e+24  -1.12858e+25
-2.07749e+25 -3.66825e+25  2.07232e+25
-4.16742e+25 -4.58223e+25  2.27243e+25
2.97332e+25 4.69173e+25  3.53095e+24
9.72487e+23 -1.08035e+25  3.6761e+24
8.36504e+24 -6.96948e+23  -2.78202e+23
2.54439e+25 5.86189e+24  -1.2634e+25
7.10691e+24 -6.05379e+24  -3.30661e+24
-1.47566e+24 1.97443e+24  -2.54025e+24
1.34466e+25 2.82674e+24  -4.2883e+24
1.81923e+25 3.45567e+23  -2.91887e+25
1.21111e+25 -2.09531e+24  -1.1251e+25
-4.58009e+25 -4.05924e+25  3.37984e+25
-5.38163e+23 1.6484e+25  3.90692e+24
1.23916e+25 2.66355e+25  1.00429e+25
-3.01726e+25 6.58937e+24  4.00934e+25
8.78315e+24 1.78829e+25  1.14523e+25
8.37744e+24 -7.9821e+24  -3.06844e+25
-3.15436e+25 -4.34078e+25  1.45021e+25
-1.26277e+25 1.23011e+25  1.85077e+25
-3.53995e+25 -2.29062e+25  2.9996e+25
-1.71974e+25 -2.4074e+25  3.01108e+25
2.14789e+25 2.48147e+25  -1.39508e+25
1.55478e+24 4.14761e+24  1.48141e+25
1.42652e+25 2.96666e+25  1.132e+25
-1.08466e+25 -3.49886e+25  -1.11396e+25
-3.0345e+24 -7.89419e+24  -9.60472e+24
4.51617e+24 7.94485e+24  7.14954e+24
2.86407e+25 4.71936e+24  2.91058e+25
2.93823e+25 -3.46023e+25  7.51518e+24
3.84992e+25 5.6871e+24  4.04921e+25
-4.38231e+24 1.1419e+25  -8.96311e+24
3.27554e+25 3.99755e+24  5.43017e+25
1.95008e+25 8.94362e+24  5.01055e+25
5.76125e+23 -3.83995e+24  1.05654e+25
-2.4469e+25 2.42152e+25  -2.91328e+25
-2.77431e+25 3.95638e+25  -4.76718e+24
-1.71899e+25 1.45874e+25  -8.83401e+24
-2.15861e+25 1.21864e+25  -1.78754e+25
3.37592e+25 -5.44838e+24  1.20471e+25
9.78598e+24 -6.61966e+24  2.78754e+24
4.11817e+24 -2.77657e+25  -2.44667e+25
1.98003e+25 -2.02544e+25  -9.9425e+24
-3.37825e+24 -1.52931e+25  -2.31118e+25
-4.31124e+23 -7.79306e+24  -2.29447e+24
5.83686e+24 -1.54687e+25  -1.26568e+25
7.94895e+23 -3.98152e+24  5.4794e+24
-5.7424e+24 1.89178e+25  -7.23718e+24
-1.1555e+25 2.66645e+25  1.22422e+25
2.49451e+23 -2.77049e+24  3.63113e+24
-1.69179e+25 6.30432e+24  -3.08144e+25
-2.56751e+25 5.68256e+24  -2.02517e+25
-5.20604e+25 2.45267e+25  -1.46264e+25
-3.14323e+25 2.56431e+25  6.59105e+24
8.70652e+24 5.32071e+24  3.1912e+25
-2.03103e+25 -2.9266e+24  -2.91423e+25
-2.82652e+23 -8.67507e+24  -2.09003e+24
-1.60491e+25 3.11863e+25  -1.03734e+25
4.2809e+24 -2.69764e+24  2.65733e+25
-3.28145e+23 -1.77847e+25  -1.1256e+25
-1.26783e+25 3.32991e+25  1.69859e+25
-1.30745e+25 -6.32015e+24  -1.98204e+25
1.30061e+25 -2.5977e+25  2.40665e+25
-1.77515e+24 -1.47432e+25  -9.43056e+24
-1.56405e+24 4.87577e+24  9.31603e+24
2.72191e+25 -2.10082e+25  -9.84692e+23
1.3483e+25 4.80965e+24  1.15462e+25
-1.74718e+25 -2.39097e+24  -1.71457e+25
1.89511e+25 -3.06342e+25  2.1924e+25
-5.59848e+24 7.19786e+24  -1.7324e+25
2.86619e+25 -3.07133e+25  2.08219e+25
-2.22704e+25 1.44252e+25  -4.48826e+25
3.23425e+23 -9.15769e+23  6.97165e+23
-5.61706e+22 -6.01998e+22  7.46351e+22
4.063e+23 -6.55096e+23  -6.1004e+23
-7.7559e+23 2.81621e+24  5.36168e+23
4.20442e+24 -1.3874e+25  1.32765e+23
6.35234e+24 -6.88863e+24  -2.06731e+25
2.14898e+24 1.21625e+25  -5.98069e+24
-4.15822e+25 -3.04949e+25  1.2161e+25
-8.5255e+24 1.20082e+25  2.21081e+24
2.26383e+25 4.83983e+24  -1.76906e+25
8.32049e+24 1.21415e+25  -6.54085e+24
2.52109e+24 2.70188e+25  2.40646e+25
1.39491e+25 1.93907e+25  -1.65253e+24
8.66056e+24 6.33214e+24  -1.88115e+25
-1.22729e+25 -7.15279e+24  -1.01525e+25
4.26333e+24 2.28893e+25  -3.74583e+24
1.81424e+24 4.17611e+24  -1.31678e+25
-6.04845e+24 -2.70654e+25  -6.16844e+24
-4.03367e+21 5.93156e+24  -1.00832e+25
-3.7403e+22 8.88637e+24  -9.19652e+24
2.61897e+25 1.21347e+25  -4.22067e+25
1.91492e+25 2.72816e+25  1.19773e+25
8.24485e+24 -1.91392e+23  -1.20406e+24
2.40495e+25 1.84437e+25  -6.9343e+24
1.46252e+25 1.42639e+25  -3.69873e+25
9.67422e+23 -6.66905e+24  5.60199e+24
-1.16417e+24 7.67803e+24  -5.17371e+24
-2.32791e+25 -3.46367e+25  1.76258e+24
4.76362e+22 2.43099e+24  -1.28981e+25
-2.37427e+25 -4.19229e+25  2.36836e+25
-4.76277e+25 -5.23683e+25  2.59707e+25
3.39808e+25 5.36197e+25  4.03537e+24
1.11141e+24 -1.23468e+25  4.20126e+24
9.56004e+24 -7.96512e+23  -3.17945e+23
2.90787e+25 6.69931e+24  -1.44388e+25
8.12219e+24 -6.91862e+24  -3.77898e+24
-1.68647e+24 2.25649e+24  -2.90315e+24
1.53675e+25 3.23056e+24  -4.90092e+24
2.07912e+25 3.94934e+23  -3.33585e+25
1.38413e+25 -2.39464e+24  -1.28583e+25
-5.23439e+25 -4.63913e+25  3.86268e+25
-6.15043e+23 1.88389e+25  4.46505e+24
1.41618e+25 3.04405e+25  1.14776e+25
-3.4483e+25 7.53071e+24  4.5821e+25
1.00379e+25 2.04376e+25  1.30884e+25
9.57421e+24 -9.1224e+24  -3.50679e+25
-3.60498e+25 -4.96089e+25  1.65738e+25
-1.44316e+25 1.40584e+25  2.11516e+25
-4.04565e+25 -2.61785e+25  3.42811e+25
-1.96541e+25 -2.75131e+25  3.44123e+25
2.45473e+25 2.83597e+25  -1.59438e+25
1.77689e+24 4.74013e+24  1.69304e+25
1.63031e+25 3.39047e+25  1.29371e+25
-1.23961e+25 -3.99869e+25  -1.2731e+25
-3.468e+24 -9.02193e+24  -1.09768e+25
5.16134e+24 9.07982e+24  8.17091e+24
3.27322e+25 5.39355e+24  3.32638e+25
3.35797e+25 -3.95455e+25  8.58878e+24
4.39991e+25 6.49954e+24  4.62767e+25
-5.00835e+24 1.30503e+25  -1.02436e+25
3.74347e+25 4.56863e+24  6.20591e+25
2.22866e+25 1.02213e+25  5.72635e+25
6.58429e+23 -4.38851e+24  1.20748e+25
-2.79645e+25 2.76745e+25  -3.32946e+25
-3.17064e+25 4.52158e+25  -5.4482e+24
-1.96456e+25 1.66713e+25  -1.0096e+25
-2.46698e+25 1.39274e+25  -2.0429e+25
3.85819e+25 -6.22672e+24  1.37681e+25
1.1184e+25 -7.56532e+24  3.18576e+24
4.70648e+24 -3.17322e+25  -2.7962e+25
2.26289e+25 -2.31479e+25  -1.13629e+25
-3.86086e+24 -1.74778e+25  -2.64134e+25
-4.92713e+23 -8.90636e+24  -2.62225e+24
6.6707e+24 -1.76785e+25  -1.44649e+25
9.08451e+23 -4.55031e+24  6.26217e+24
-6.56274e+24 2.16203e+25  -8.27107e+24
-1.32058e+25 3.04737e+25  1.39911e+25
2.85087e+23 -3.16627e+24  4.14986e+24
-1.93347e+25 7.20493e+24  -3.52164e+25
-2.9343e+25 6.49436e+24  -2.31448e+25
-5.94976e+25 2.80305e+25  -1.67158e+25
-3.59226e+25 2.93064e+25  7.53262e+24
9.95031e+24 6.08081e+24  3.64709e+25
-2.32118e+25 -3.34468e+24  -3.33054e+25
-3.23031e+23 -9.91436e+24  -2.3886e+24
-1.83418e+25 3.56414e+25  -1.18553e+25
4.89245e+24 -3.08301e+24  3.03695e+25
-3.75023e+23 -2.03254e+25  -1.28641e+25
-1.44894e+25 3.80561e+25  1.94125e+25
-1.49423e+25 -7.22303e+24  -2.26519e+25
1.48641e+25 -2.9688e+25  2.75046e+25
-2.02874e+24 -1.68494e+25  -1.07778e+25
-1.78749e+24 5.57231e+24  1.06469e+25
3.11075e+25 -2.40094e+25  -1.12536e+24
1.54091e+25 5.49674e+24  1.31957e+25
-1.99678e+25 -2.73254e+24  -1.95951e+25
2.16584e+25 -3.50106e+25  2.50561e+25
-6.39826e+24 8.22613e+24  -1.97989e+25
3.27565e+25 -3.51009e+25  2.37965e+25
-2.54519e+25 1.6486e+25  -5.12944e+25
3.69629e+23 -1.04659e+24  7.9676e+23
-6.4195e+22 -6.87997e+22  8.52972e+22
4.64343e+23 -7.48681e+23  -6.97188e+23
-8.86389e+23 3.21853e+24  6.12764e+23
4.72997e+24 -1.56082e+25  1.49361e+23
7.14638e+24 -7.74971e+24  -2.32572e+25
2.41761e+24 1.36828e+25  -6.72828e+24
-4.678e+25 -3.43068e+25  1.36811e+25
-9.59119e+24 1.35092e+25  2.48716e+24
2.54681e+25 5.44481e+24  -1.99019e+25
9.36055e+24 1.36592e+25  -7.35846e+24
2.83623e+24 3.03962e+25  2.70726e+25
1.56927e+25 2.18145e+25  -1.85909e+24
9.74313e+24 7.12366e+24  -2.11629e+25
-1.3807e+25 -8.04689e+24  -1.14215e+25
4.79624e+24 2.57505e+25  -4.21406e+24
2.04102e+24 4.69812e+24  -1.48137e+25
-6.80451e+24 -3.04485e+25  -6.9395e+24
-4.53788e+21 6.67301e+24  -1.13436e+25
-4.20784e+22 9.99716e+24  -1.03461e+25
2.94634e+25 1.36515e+25  -4.74825e+25
2.15428e+25 3.06918e+25  1.34744e+25
9.27545e+24 -2.15316e+23  -1.35457e+24
2.70557e+25 2.07491e+25  -7.80109e+24
1.64534e+25 1.60469e+25  -4.16108e+25
1.08835e+24 -7.50268e+24  6.30224e+24
-1.3097e+24 8.63778e+24  -5.82043e+24
-2.6189e+25 -3.89662e+25  1.9829e+24
5.35907e+22 2.73486e+24  -1.45103e+25
-2.67106e+25 -4.71632e+25  2.66441e+25
-5.35811e+25 -5.89144e+25  2.9217e+25
3.82284e+25 6.03222e+25  4.5398e+24
1.25034e+24 -1.38902e+25  4.72642e+24
1.0755e+25 -8.96077e+23  -3.57688e+23
3.27136e+25 7.53672e+24  -1.62437e+25
9.13746e+24 -7.78345e+24  -4.25135e+24
-1.89728e+24 2.53855e+24  -3.26604e+24
1.72885e+25 3.63438e+24  -5.51353e+24
2.33901e+25 4.443e+23  -3.75283e+25
1.55715e+25 -2.69397e+24  -1.44656e+25
-5.88869e+25 -5.21902e+25  4.34551e+25
-6.91924e+23 2.11937e+25  5.02319e+24
1.59321e+25 3.42456e+25  1.29123e+25
-3.87934e+25 8.47205e+24  5.15486e+25
1.12926e+25 2.29924e+25  1.47244e+25
1.0771e+25 -1.02627e+25  -3.94514e+25
-4.0556e+25 -5.581e+25  1.86456e+25
-1.62356e+25 1.58157e+25  2.37956e+25
-4.55136e+25 -2.94508e+25  3.85662e+25
-2.21109e+25 -3.09522e+25  3.87139e+25
2.76157e+25 3.19047e+25  -1.79367e+25
1.999e+24 5.33265e+24  1.90467e+25
1.8341e+25 3.81428e+25  1.45543e+25
-1.39457e+25 -4.49853e+25  -1.43224e+25
-3.9015e+24 -1.01497e+25  -1.23489e+25
5.8065e+24 1.02148e+25  9.19227e+24
3.68238e+25 6.06774e+24  3.74217e+25
3.77772e+25 -4.44887e+25  9.66238e+24
4.9499e+25 7.31199e+24  5.20613e+25
-5.6344e+24 1.46815e+25  -1.1524e+25
4.2114e+25 5.13971e+24  6.98164e+25
2.50724e+25 1.14989e+25  6.44214e+25
7.40732e+23 -4.93707e+24  1.35841e+25
-3.14601e+25 3.11338e+25  -3.74565e+25
-3.56697e+25 5.08677e+25  -6.12923e+24
-2.21013e+25 1.87553e+25  -1.1358e+25
-2.77536e+25 1.56683e+25  -2.29826e+25
4.34047e+25 -7.00505e+24  1.54891e+25
1.2582e+25 -8.51099e+24  3.58398e+24
5.29479e+24 -3.56987e+25  -3.14572e+25
2.54575e+25 -2.60414e+25  -1.27832e+25
-4.34347e+24 -1.96625e+25  -2.97151e+25
-5.54302e+23 -1.00197e+25  -2.95003e+24
7.50454e+24 -1.98884e+25  -1.6273e+25
1.02201e+24 -5.1191e+24  7.04494e+24
-7.38308e+24 2.43228e+25  -9.30495e+24
-1.48565e+25 3.42829e+25  1.574e+25
3.20723e+23 -3.56205e+24  4.66859e+24
-2.17515e+25 8.10555e+24  -3.96185e+25
-3.30108e+25 7.30615e+24  -2.6038e+25
-6.69349e+25 3.15343e+25  -1.88053e+25
-4.0413e+25 3.29697e+25  8.4742e+24
1.11941e+25 6.84092e+24  4.10297e+25
-2.61132e+25 -3.76277e+24  -3.74686e+25
-3.6341e+23 -1.11537e+25  -2.68718e+24
-2.06345e+25 4.00966e+25  -1.33372e+25
5.50401e+24 -3.46839e+24  3.41657e+25
-4.21901e+23 -2.28661e+25  -1.44721e+25
-1.63006e+25 4.28132e+25  2.1839e+25
-1.68101e+25 -8.12591e+24  -2.54834e+25
1.67221e+25 -3.33989e+25  3.09427e+25
-2.28233e+24 -1.89555e+25  -1.2125e+25
-2.01092e+24 6.26885e+24  1.19778e+25
3.4996e+25 -2.70105e+25  -1.26603e+24
1.73352e+25 6.18384e+24  1.48452e+25
-2.24637e+25 -3.07411e+24  -2.20445e+25
2.43657e+25 -3.93869e+25  2.81881e+25
-7.19804e+24 9.25439e+24  -2.22737e+25
3.68511e+25 -3.94886e+25  2.6771e+25
-2.86333e+25 1.85467e+25  -5.77062e+25
4.15832e+23 -1.17742e+24  8.96355e+23
-7.22193e+22 -7.73997e+22  9.59594e+22
5.22386e+23 -8.42266e+23  -7.84337e+23
-9.97187e+23 3.62085e+24  6.8936e+23
5.25552e+24 -1.73425e+25  1.65957e+23
7.94042e+24 -8.61079e+24  -2.58414e+25
2.68623e+24 1.52032e+25  -7.47587e+24
-5.19778e+25 -3.81186e+25  1.52012e+25
-1.06569e+25 1.50102e+25  2.76351e+24
2.82979e+25 6.04978e+24  -2.21133e+25
1.04006e+25 1.51769e+25  -8.17606e+24
3.15137e+24 3.37735e+25  3.00807e+25
1.74364e+25 2.42384e+25  -2.06566e+24
1.08257e+25 7.91517e+24  -2.35143e+25
-1.53411e+25 -8.94099e+24  -1.26906e+25
5.32916e+24 2.86117e+25  -4.68229e+24
2.2678e+24 5.22014e+24  -1.64597e+25
-7.56056e+24 -3.38317e+25  -7.71055e+24
-5.04209e+21 7.41445e+24  -1.2604e+25
-4.67538e+22 1.1108e+25  -1.14956e+25
3.27371e+25 1.51684e+25  -5.27583e+25
2.39364e+25 3.4102e+25  1.49716e+25
1.03061e+25 -2.3924e+23  -1.50507e+24
3.00618e+25 2.30546e+25  -8.66787e+24
1.82815e+25 1.78299e+25  -4.62342e+25
1.20928e+24 -8.33631e+24  7.00249e+24
-1.45522e+24 9.59754e+24  -6.46714e+24
-2.90989e+25 -4.32958e+25  2.20322e+24
5.95453e+22 3.03873e+24  -1.61226e+25
-2.96784e+25 -5.24036e+25  2.96045e+25
-5.95346e+25 -6.54604e+25  3.24633e+25
4.2476e+25 6.70246e+25  5.04422e+24
1.38927e+24 -1.54335e+25  5.25158e+24
1.19501e+25 -9.95641e+23  -3.97431e+23
3.63484e+25 8.37413e+24  -1.80485e+25
1.01527e+25 -8.64828e+24  -4.72373e+24
-2.10809e+24 2.82061e+24  -3.62893e+24
1.92094e+25 4.0382e+24  -6.12615e+24
2.5989e+25 4.93667e+23  -4.16982e+25
1.73016e+25 -2.9933e+24  -1.60728e+25
-6.54299e+25 -5.79892e+25  4.82835e+25
-7.68804e+23 2.35486e+25  5.58132e+24
1.77023e+25 3.80507e+25  1.4347e+25
-4.31038e+25 9.41338e+24  5.72763e+25
1.25474e+25 2.55471e+25  1.63605e+25
1.19678e+25 -1.1403e+25  -4.38349e+25
-4.50622e+25 -6.20112e+25  2.07173e+25
-1.80395e+25 1.7573e+25  2.64395e+25
-5.05706e+25 -3.27231e+25  4.28514e+25
-2.45677e+25 -3.43914e+25  4.30154e+25
3.06842e+25 3.54496e+25  -1.99297e+25
2.22111e+24 5.92516e+24  2.1163e+25
2.03789e+25 4.23809e+25  1.61714e+25
-1.54952e+25 -4.99837e+25  -1.59138e+25
-4.335e+24 -1.12774e+25  -1.3721e+25
6.45167e+24 1.13498e+25  1.02136e+25
4.09153e+25 6.74194e+24  4.15797e+25
4.19746e+25 -4.94318e+25  1.0736e+25
5.49989e+25 8.12443e+24  5.78458e+25
-6.26044e+24 1.63128e+25  -1.28044e+25
4.67934e+25 5.71079e+24  7.75738e+25
2.78583e+25 1.27766e+25  7.15793e+25
8.23036e+23 -5.48564e+24  1.50935e+25
-3.49557e+25 3.45931e+25  -4.16183e+25
-3.96329e+25 5.65197e+25  -6.81025e+24
-2.4557e+25 2.08392e+25  -1.262e+25
-3.08373e+25 1.74092e+25  -2.55362e+25
4.82274e+25 -7.78339e+24  1.72101e+25
1.398e+25 -9.45665e+24  3.98219e+24
5.8831e+24 -3.96653e+25  -3.49525e+25
2.82861e+25 -2.89349e+25  -1.42036e+25
-4.82607e+24 -2.18472e+25  -3.30168e+25
-6.15891e+23 -1.11329e+25  -3.27781e+24
8.33838e+24 -2.20982e+25  -1.80812e+25
1.13556e+24 -5.68789e+24  7.82771e+24
-8.20342e+24 2.70254e+25  -1.03388e+25
-1.65072e+25 3.80921e+25  1.74889e+25
3.56358e+23 -3.95784e+24  5.18733e+24
-2.41684e+25 9.00617e+24  -4.40206e+25
-3.66787e+25 8.11795e+24  -2.89311e+25
-7.43721e+25 3.50381e+25  -2.08948e+25
-4.49033e+25 3.66329e+25  9.41578e+24
1.24379e+25 7.60102e+24  4.55886e+25
-2.90147e+25 -4.18086e+24  -4.16318e+25
-4.03789e+23 -1.2393e+25  -2.98575e+24
-2.29273e+25 4.45518e+25  -1.48191e+25
6.11557e+24 -3.85376e+24  3.79618e+25
-4.68779e+23 -2.54068e+25  -1.60801e+25
-1.81118e+25 4.75702e+25  2.42656e+25
-1.86779e+25 -9.02879e+24  -2.83149e+25
1.85801e+25 -3.71099e+25  3.43808e+25
-2.53592e+24 -2.10617e+25  -1.34722e+25
-2.23436e+24 6.96539e+24  1.33086e+25
3.88844e+25 -3.00117e+25  -1.4067e+24
1.92614e+25 6.87093e+24  1.64946e+25
-2.49597e+25 -3.41568e+24  -2.44939e+25
2.7073e+25 -4.37632e+25  3.13201e+25
-7.99782e+24 1.02827e+25  -2.47486e+25
4.09456e+25 -4.38762e+25  2.97456e+25
-3.18148e+25 2.06075e+25  -6.4118e+25
4.62036e+23 -1.30824e+24  9.9595e+23
-8.02437e+22 -8.59997e+22  1.06622e+23
5.80429e+23 -9.35851e+23  -8.71485e+23
-1.10799e+24 4.02316e+24  7.65955e+23
